	seed_set	q1	q2	q3	q4	q5	q6	q7
Random	{1: 60, 0: 40}	{1: 68, 0: 32}	{1: 72, 0: 28}	{1: 73, 0: 27}	{1: 73, 0: 27}	{1: 73, 0: 27}	{1: 68, 0: 32}	{1: 73, 0: 27}
Uncertainty	{1: 60, 0: 40}	{1: 60, 0: 40}	{1: 60, 0: 40}	{1: 56, 0: 44}	{1: 64, 0: 36}	{1: 81, 0: 19}	{1: 88, 0: 12}	{1: 91, 0: 9}
QBC	{1: 60, 0: 40}	{1: 62, 0: 38}	{1: 61, 0: 39}	{1: 56, 0: 44}	{1: 69, 0: 31}	{1: 76, 0: 24}	{1: 77, 0: 23}	{1: 99, 0: 1}
GraphDensity	{1: 60, 0: 40}	{1: 76, 0: 24}	{1: 73, 0: 27}	{1: 68, 0: 32}	{1: 73, 0: 27}	{1: 72, 0: 28}	{1: 73, 0: 27}	{1: 65, 0: 35}
EER	{1: 60, 0: 40}	{1: 73, 0: 27}	{1: 63, 0: 37}	{1: 66, 0: 34}	{1: 58, 0: 42}	{1: 67, 0: 33}	{1: 83, 0: 17}	{1: 90, 0: 10}
LAL_iter	{1: 60, 0: 40}	{1: 62, 0: 38}	{1: 61, 0: 39}	{1: 54, 0: 46}	{1: 69, 0: 31}	{1: 72, 0: 28}	{1: 84, 0: 16}	{1: 98, 0: 2}
LAL_indep	{1: 60, 0: 40}	{1: 67, 0: 33}	{1: 51, 0: 49}	{1: 61, 0: 39}	{1: 63, 0: 37}	{1: 73, 0: 27}	{1: 88, 0: 12}	{1: 97, 0: 3}
