	seed_set	q1	q2	q3	q4	q5	q6	q7
Random	{1: 60, 0: 40}	{1: 75, 0: 25}	{1: 66, 0: 34}	{1: 69, 0: 31}	{1: 68, 0: 32}	{1: 71, 0: 29}	{1: 77, 0: 23}	{1: 74, 0: 26}
Uncertainty	{1: 60, 0: 40}	{1: 66, 0: 34}	{1: 57, 0: 43}	{1: 57, 0: 43}	{1: 61, 0: 39}	{1: 87, 0: 13}	{1: 84, 0: 16}	{1: 88, 0: 12}
QBC	{1: 60, 0: 40}	{1: 57, 0: 43}	{0: 52, 1: 48}	{1: 66, 0: 34}	{1: 76, 0: 24}	{1: 74, 0: 26}	{1: 80, 0: 20}	{1: 99, 0: 1}
GraphDensity	{1: 60, 0: 40}	{1: 65, 0: 35}	{1: 69, 0: 31}	{1: 73, 0: 27}	{1: 66, 0: 34}	{1: 80, 0: 20}	{1: 75, 0: 25}	{1: 72, 0: 28}
EER	{1: 60, 0: 40}	{1: 81, 0: 19}	{1: 58, 0: 42}	{1: 56, 0: 44}	{1: 54, 0: 46}	{1: 80, 0: 20}	{1: 80, 0: 20}	{1: 91, 0: 9}
LAL_iter	{1: 60, 0: 40}	{1: 73, 0: 27}	{1: 64, 0: 36}	{1: 67, 0: 33}	{1: 69, 0: 31}	{1: 66, 0: 34}	{1: 70, 0: 30}	{1: 91, 0: 9}
LAL_indep	{1: 60, 0: 40}	{1: 59, 0: 41}	{1: 70, 0: 30}	{1: 62, 0: 38}	{1: 73, 0: 27}	{1: 62, 0: 38}	{1: 78, 0: 22}	{1: 96, 0: 4}
