	seed_set	q1	q2	q3	q4	q5	q6	q7
Random	{1: 60, 0: 40}	{1: 74, 0: 26}	{1: 74, 0: 26}	{1: 67, 0: 33}	{1: 65, 0: 35}	{1: 75, 0: 25}	{1: 71, 0: 29}	{1: 74, 0: 26}
Uncertainty	{1: 60, 0: 40}	{1: 68, 0: 32}	{1: 52, 0: 48}	{1: 54, 0: 46}	{1: 84, 0: 16}	{1: 78, 0: 22}	{1: 84, 0: 16}	{1: 80, 0: 20}
QBC	{1: 60, 0: 40}	{1: 61, 0: 39}	{1: 50, 0: 50}	{1: 63, 0: 37}	{1: 72, 0: 28}	{1: 75, 0: 25}	{1: 80, 0: 20}	{1: 99, 0: 1}
GraphDensity	{1: 60, 0: 40}	{1: 63, 0: 37}	{1: 74, 0: 26}	{1: 68, 0: 32}	{1: 78, 0: 22}	{1: 74, 0: 26}	{1: 71, 0: 29}	{1: 72, 0: 28}
EER	{1: 60, 0: 40}	{1: 56, 0: 44}	{0: 58, 1: 42}	{1: 58, 0: 42}	{1: 75, 0: 25}	{1: 86, 0: 14}	{1: 93, 0: 7}	{1: 90, 0: 10}
LAL_iter	{1: 60, 0: 40}	{1: 63, 0: 37}	{1: 58, 0: 42}	{1: 56, 0: 44}	{1: 78, 0: 22}	{1: 68, 0: 32}	{1: 83, 0: 17}	{1: 94, 0: 6}
LAL_indep	{1: 60, 0: 40}	{1: 83, 0: 17}	{1: 76, 0: 24}	{1: 65, 0: 35}	{1: 68, 0: 32}	{1: 62, 0: 38}	{1: 66, 0: 34}	{1: 80, 0: 20}
