	seed_set	q1	q2	q3	q4	q5	q6	q7
Random	{1: 90, 0: 10}	{1: 95, 0: 5}	{1: 93, 0: 7}	{1: 86, 0: 14}	{1: 88, 0: 12}	{1: 88, 0: 12}	{1: 89, 0: 11}	{1: 91, 0: 9}
Uncertainty	{1: 90, 0: 10}	{1: 83, 0: 17}	{1: 85, 0: 15}	{1: 84, 0: 16}	{1: 89, 0: 11}	{1: 95, 0: 5}	{1: 97, 0: 3}	{1: 97, 0: 3}
QBC	{1: 90, 0: 10}	{1: 100}	{1: 100}	{1: 92, 0: 8}	{1: 89, 0: 11}	{1: 74, 0: 26}	{1: 76, 0: 24}	{1: 99, 0: 1}
GraphDensity	{1: 90, 0: 10}	{1: 93, 0: 7}	{1: 88, 0: 12}	{1: 90, 0: 10}	{1: 93, 0: 7}	{1: 87, 0: 13}	{1: 88, 0: 12}	{1: 91, 0: 9}
EER	{1: 90, 0: 10}	{1: 86, 0: 14}	{1: 80, 0: 20}	{1: 88, 0: 12}	{1: 88, 0: 12}	{1: 92, 0: 8}	{1: 97, 0: 3}	{1: 99, 0: 1}
LAL_iter	{1: 90, 0: 10}	{1: 82, 0: 18}	{1: 87, 0: 13}	{1: 97, 0: 3}	{1: 98, 0: 2}	{1: 87, 0: 13}	{1: 79, 0: 21}	{1: 100}
LAL_indep	{1: 90, 0: 10}	{1: 79, 0: 21}	{1: 92, 0: 8}	{1: 86, 0: 14}	{1: 90, 0: 10}	{1: 97, 0: 3}	{1: 88, 0: 12}	{1: 98, 0: 2}
