	seed_set	q1	q2	q3	q4	q5	q6	q7
Random	{1: 60, 0: 40}	{1: 75, 0: 25}	{1: 68, 0: 32}	{1: 74, 0: 26}	{1: 71, 0: 29}	{1: 71, 0: 29}	{1: 74, 0: 26}	{1: 67, 0: 33}
Uncertainty	{1: 60, 0: 40}	{1: 61, 0: 39}	{1: 51, 0: 49}	{1: 59, 0: 41}	{1: 70, 0: 30}	{1: 82, 0: 18}	{1: 82, 0: 18}	{1: 95, 0: 5}
QBC	{1: 60, 0: 40}	{1: 60, 0: 40}	{1: 58, 0: 42}	{1: 63, 0: 37}	{1: 64, 0: 36}	{1: 79, 0: 21}	{1: 77, 0: 23}	{1: 99, 0: 1}
GraphDensity	{1: 60, 0: 40}	{1: 75, 0: 25}	{1: 73, 0: 27}	{1: 70, 0: 30}	{1: 73, 0: 27}	{1: 73, 0: 27}	{1: 71, 0: 29}	{1: 65, 0: 35}
EER	{1: 60, 0: 40}	{1: 67, 0: 33}	{0: 55, 1: 45}	{1: 69, 0: 31}	{1: 65, 0: 35}	{1: 75, 0: 25}	{1: 88, 0: 12}	{1: 91, 0: 9}
LAL_iter	{1: 60, 0: 40}	{1: 64, 0: 36}	{1: 56, 0: 44}	{1: 66, 0: 34}	{1: 56, 0: 44}	{1: 71, 0: 29}	{1: 88, 0: 12}	{1: 99, 0: 1}
LAL_indep	{1: 60, 0: 40}	{1: 59, 0: 41}	{1: 65, 0: 35}	{1: 59, 0: 41}	{0: 55, 1: 45}	{1: 80, 0: 20}	{1: 93, 0: 7}	{1: 99, 0: 1}
