	seed_set	q1	q2	q3	q4	q5	q6	q7
Random	{1: 60, 0: 40}	{1: 72, 0: 28}	{1: 73, 0: 27}	{1: 65, 0: 35}	{1: 76, 0: 24}	{1: 77, 0: 23}	{1: 66, 0: 34}	{1: 71, 0: 29}
Uncertainty	{1: 60, 0: 40}	{1: 65, 0: 35}	{1: 66, 0: 34}	{1: 57, 0: 43}	{1: 61, 0: 39}	{1: 70, 0: 30}	{1: 87, 0: 13}	{1: 94, 0: 6}
QBC	{1: 60, 0: 40}	{1: 63, 0: 37}	{1: 66, 0: 34}	{1: 51, 0: 49}	{1: 69, 0: 31}	{1: 73, 0: 27}	{1: 78, 0: 22}	{1: 100}
GraphDensity	{1: 60, 0: 40}	{1: 73, 0: 27}	{1: 72, 0: 28}	{1: 71, 0: 29}	{1: 72, 0: 28}	{1: 77, 0: 23}	{1: 64, 0: 36}	{1: 71, 0: 29}
EER	{1: 60, 0: 40}	{1: 76, 0: 24}	{1: 53, 0: 47}	{1: 56, 0: 44}	{1: 62, 0: 38}	{1: 80, 0: 20}	{1: 80, 0: 20}	{1: 93, 0: 7}
LAL_iter	{1: 60, 0: 40}	{1: 67, 0: 33}	{1: 54, 0: 46}	{1: 61, 0: 39}	{1: 65, 0: 35}	{1: 68, 0: 32}	{1: 85, 0: 15}	{1: 100}
LAL_indep	{1: 60, 0: 40}	{1: 68, 0: 32}	{1: 56, 0: 44}	{1: 56, 0: 44}	{1: 65, 0: 35}	{1: 79, 0: 21}	{1: 76, 0: 24}	{1: 100}
