	seed_set	q1	q2	q3	q4	q5	q6	q7
Random	{1: 60, 0: 40}	{1: 74, 0: 26}	{1: 71, 0: 29}	{1: 74, 0: 26}	{1: 63, 0: 37}	{1: 75, 0: 25}	{1: 70, 0: 30}	{1: 73, 0: 27}
Uncertainty	{1: 60, 0: 40}	{1: 77, 0: 23}	{1: 60, 0: 40}	{1: 69, 0: 31}	{1: 74, 0: 26}	{1: 75, 0: 25}	{1: 66, 0: 34}	{1: 79, 0: 21}
QBC	{1: 60, 0: 40}	{1: 61, 0: 39}	{1: 56, 0: 44}	{1: 61, 0: 39}	{1: 73, 0: 27}	{1: 74, 0: 26}	{1: 76, 0: 24}	{1: 99, 0: 1}
GraphDensity	{1: 60, 0: 40}	{1: 75, 0: 25}	{1: 69, 0: 31}	{1: 74, 0: 26}	{1: 70, 0: 30}	{1: 69, 0: 31}	{1: 68, 0: 32}	{1: 75, 0: 25}
EER	{1: 60, 0: 40}	{1: 76, 0: 24}	{1: 50, 0: 50}	{1: 61, 0: 39}	{1: 67, 0: 33}	{1: 79, 0: 21}	{1: 83, 0: 17}	{1: 84, 0: 16}
LAL_iter	{1: 60, 0: 40}	{1: 67, 0: 33}	{1: 67, 0: 33}	{1: 67, 0: 33}	{1: 61, 0: 39}	{1: 61, 0: 39}	{1: 89, 0: 11}	{1: 88, 0: 12}
LAL_indep	{1: 60, 0: 40}	{1: 66, 0: 34}	{1: 59, 0: 41}	{1: 65, 0: 35}	{1: 67, 0: 33}	{1: 69, 0: 31}	{1: 82, 0: 18}	{1: 92, 0: 8}
