	seed_set	q1	q2	q3	q4	q5	q6	q7
Random	{1: 90, 0: 10}	{1: 88, 0: 12}	{1: 87, 0: 13}	{1: 94, 0: 6}	{1: 89, 0: 11}	{1: 92, 0: 8}	{1: 92, 0: 8}	{1: 88, 0: 12}
Uncertainty	{1: 90, 0: 10}	{1: 81, 0: 19}	{1: 85, 0: 15}	{1: 88, 0: 12}	{1: 89, 0: 11}	{1: 93, 0: 7}	{1: 98, 0: 2}	{1: 96, 0: 4}
QBC	{1: 90, 0: 10}	{1: 100}	{1: 100}	{1: 92, 0: 8}	{1: 89, 0: 11}	{1: 73, 0: 27}	{1: 77, 0: 23}	{1: 99, 0: 1}
GraphDensity	{1: 90, 0: 10}	{1: 94, 0: 6}	{1: 94, 0: 6}	{1: 88, 0: 12}	{1: 91, 0: 9}	{1: 91, 0: 9}	{1: 89, 0: 11}	{1: 83, 0: 17}
EER	{1: 90, 0: 10}	{1: 87, 0: 13}	{1: 82, 0: 18}	{1: 88, 0: 12}	{1: 87, 0: 13}	{1: 92, 0: 8}	{1: 97, 0: 3}	{1: 97, 0: 3}
LAL_iter	{1: 90, 0: 10}	{1: 86, 0: 14}	{1: 93, 0: 7}	{1: 96, 0: 4}	{1: 98, 0: 2}	{1: 74, 0: 26}	{1: 83, 0: 17}	{1: 100}
LAL_indep	{1: 90, 0: 10}	{1: 89, 0: 11}	{1: 83, 0: 17}	{1: 86, 0: 14}	{1: 91, 0: 9}	{1: 95, 0: 5}	{1: 87, 0: 13}	{1: 99, 0: 1}
