	seed_set	q1	q2	q3	q4	q5	q6	q7
Random	{1: 90, 0: 10}	{1: 88, 0: 12}	{1: 91, 0: 9}	{1: 93, 0: 7}	{1: 89, 0: 11}	{1: 93, 0: 7}	{1: 83, 0: 17}	{1: 93, 0: 7}
Uncertainty	{1: 90, 0: 10}	{1: 85, 0: 15}	{1: 72, 0: 28}	{1: 83, 0: 17}	{1: 94, 0: 6}	{1: 98, 0: 2}	{1: 99, 0: 1}	{1: 99, 0: 1}
QBC	{1: 90, 0: 10}	{1: 99, 0: 1}	{1: 100}	{1: 92, 0: 8}	{1: 88, 0: 12}	{1: 73, 0: 27}	{1: 79, 0: 21}	{1: 99, 0: 1}
GraphDensity	{1: 90, 0: 10}	{1: 94, 0: 6}	{1: 93, 0: 7}	{1: 91, 0: 9}	{1: 90, 0: 10}	{1: 89, 0: 11}	{1: 89, 0: 11}	{1: 84, 0: 16}
EER	{1: 90, 0: 10}	{1: 79, 0: 21}	{1: 85, 0: 15}	{1: 80, 0: 20}	{1: 90, 0: 10}	{1: 98, 0: 2}	{1: 98, 0: 2}	{1: 100}
LAL_iter	{1: 90, 0: 10}	{1: 87, 0: 13}	{1: 85, 0: 15}	{1: 83, 0: 17}	{1: 95, 0: 5}	{1: 91, 0: 9}	{1: 90, 0: 10}	{1: 99, 0: 1}
LAL_indep	{1: 90, 0: 10}	{1: 77, 0: 23}	{1: 80, 0: 20}	{1: 89, 0: 11}	{1: 96, 0: 4}	{1: 93, 0: 7}	{1: 96, 0: 4}	{1: 99, 0: 1}
