	seed_set	q1	q2	q3	q4	q5	q6	q7
Random	{1: 60, 0: 40}	{1: 68, 0: 32}	{1: 80, 0: 20}	{1: 71, 0: 29}	{1: 69, 0: 31}	{1: 69, 0: 31}	{1: 70, 0: 30}	{1: 73, 0: 27}
Uncertainty	{1: 60, 0: 40}	{1: 56, 0: 44}	{1: 62, 0: 38}	{1: 66, 0: 34}	{1: 70, 0: 30}	{1: 79, 0: 21}	{1: 82, 0: 18}	{1: 85, 0: 15}
QBC	{1: 60, 0: 40}	{1: 63, 0: 37}	{0: 53, 1: 47}	{1: 61, 0: 39}	{1: 78, 0: 22}	{1: 74, 0: 26}	{1: 79, 0: 21}	{1: 98, 0: 2}
GraphDensity	{1: 60, 0: 40}	{1: 69, 0: 31}	{1: 67, 0: 33}	{1: 76, 0: 24}	{1: 65, 0: 35}	{1: 76, 0: 24}	{1: 74, 0: 26}	{1: 73, 0: 27}
EER	{1: 60, 0: 40}	{1: 91, 0: 9}	{0: 59, 1: 41}	{1: 62, 0: 38}	{1: 62, 0: 38}	{1: 74, 0: 26}	{1: 86, 0: 14}	{1: 84, 0: 16}
LAL_iter	{1: 60, 0: 40}	{1: 71, 0: 29}	{1: 66, 0: 34}	{1: 68, 0: 32}	{1: 64, 0: 36}	{1: 67, 0: 33}	{1: 73, 0: 27}	{1: 91, 0: 9}
LAL_indep	{1: 60, 0: 40}	{1: 62, 0: 38}	{1: 77, 0: 23}	{1: 64, 0: 36}	{1: 68, 0: 32}	{1: 68, 0: 32}	{1: 73, 0: 27}	{1: 88, 0: 12}
