	seed_set	q1	q2	q3	q4	q5	q6	q7
Random	{1: 60, 0: 40}	{1: 77, 0: 23}	{1: 73, 0: 27}	{1: 72, 0: 28}	{1: 70, 0: 30}	{1: 65, 0: 35}	{1: 69, 0: 31}	{1: 74, 0: 26}
Uncertainty	{1: 60, 0: 40}	{1: 51, 0: 49}	{1: 59, 0: 41}	{1: 66, 0: 34}	{1: 51, 0: 49}	{1: 89, 0: 11}	{1: 93, 0: 7}	{1: 91, 0: 9}
QBC	{1: 60, 0: 40}	{1: 80, 0: 20}	{0: 83, 1: 17}	{1: 61, 0: 39}	{1: 89, 0: 11}	{1: 61, 0: 39}	{1: 92, 0: 8}	{1: 100}
GraphDensity	{1: 60, 0: 40}	{1: 77, 0: 23}	{1: 76, 0: 24}	{1: 82, 0: 18}	{1: 64, 0: 36}	{1: 67, 0: 33}	{1: 66, 0: 34}	{1: 68, 0: 32}
EER	{1: 60, 0: 40}	{1: 72, 0: 28}	{1: 71, 0: 29}	{1: 56, 0: 44}	{1: 65, 0: 35}	{1: 56, 0: 44}	{1: 85, 0: 15}	{1: 95, 0: 5}
LAL_iter	{1: 60, 0: 40}	{1: 70, 0: 30}	{1: 66, 0: 34}	{0: 51, 1: 49}	{1: 62, 0: 38}	{1: 67, 0: 33}	{1: 86, 0: 14}	{1: 100}
LAL_indep	{1: 60, 0: 40}	{1: 63, 0: 37}	{1: 66, 0: 34}	{1: 65, 0: 35}	{1: 60, 0: 40}	{1: 57, 0: 43}	{1: 91, 0: 9}	{1: 98, 0: 2}
