	seed_set	q1	q2	q3	q4	q5	q6	q7
Random	{1: 60, 0: 40}	{1: 75, 0: 25}	{1: 77, 0: 23}	{1: 69, 0: 31}	{1: 73, 0: 27}	{1: 70, 0: 30}	{1: 70, 0: 30}	{1: 66, 0: 34}
Uncertainty	{1: 60, 0: 40}	{1: 75, 0: 25}	{0: 57, 1: 43}	{1: 55, 0: 45}	{1: 72, 0: 28}	{1: 77, 0: 23}	{1: 81, 0: 19}	{1: 97, 0: 3}
QBC	{1: 60, 0: 40}	{1: 63, 0: 37}	{1: 58, 0: 42}	{1: 53, 0: 47}	{1: 68, 0: 32}	{1: 79, 0: 21}	{1: 79, 0: 21}	{1: 100}
GraphDensity	{1: 60, 0: 40}	{1: 66, 0: 34}	{1: 71, 0: 29}	{1: 73, 0: 27}	{1: 73, 0: 27}	{1: 69, 0: 31}	{1: 72, 0: 28}	{1: 76, 0: 24}
EER	{1: 60, 0: 40}	{1: 75, 0: 25}	{1: 57, 0: 43}	{1: 58, 0: 42}	{1: 60, 0: 40}	{1: 74, 0: 26}	{1: 83, 0: 17}	{1: 93, 0: 7}
LAL_iter	{1: 60, 0: 40}	{1: 71, 0: 29}	{1: 60, 0: 40}	{1: 66, 0: 34}	{1: 60, 0: 40}	{1: 64, 0: 36}	{1: 81, 0: 19}	{1: 98, 0: 2}
LAL_indep	{1: 60, 0: 40}	{1: 69, 0: 31}	{1: 62, 0: 38}	{1: 56, 0: 44}	{1: 63, 0: 37}	{1: 71, 0: 29}	{1: 84, 0: 16}	{1: 95, 0: 5}
